           1                   32767           1                   32767
           1                   32767           2              8589966335
           1                   32767           3             17179899903
           1                   32767           4             34359767039
           1                   32767           5             68719501311
           1                   32767           6              4294999551
           1                   32767           7                33583103
           1                   32767           8                 4226559
           1                   32767           9                67133439
           1                   32767          10                16807935
           2              8589966335           1                   32767
           2              8589966335           2              8589966335
           2              8589966335           3             17179899903
           2              8589966335           4             34359767039
           2              8589966335           5             68719501311
           2              8589966335           6              4294999551
           2              8589966335           7                33583103
           2              8589966335           8                 4226559
           2              8589966335           9                67133439
           2              8589966335          10                16807935
           3             17179899903           1                   32767
           3             17179899903           2              8589966335
           3             17179899903           3             17179899903
           3             17179899903           4             34359767039
           3             17179899903           5             68719501311
           3             17179899903           6              4294999551
           3             17179899903           7                33583103
           3             17179899903           8                 4226559
           3             17179899903           9                67133439
           3             17179899903          10                16807935
           4             34359767039           1                   32767
           4             34359767039           2              8589966335
           4             34359767039           3             17179899903
           4             34359767039           4             34359767039
           4             34359767039           5             68719501311
           4             34359767039           6              4294999551
           4             34359767039           7                33583103
           4             34359767039           8                 4226559
           4             34359767039           9                67133439
           4             34359767039          10                16807935
           5             68719501311           1                   32767
           5             68719501311           2              8589966335
           5             68719501311           3             17179899903
           5             68719501311           4             34359767039
           5             68719501311           5             68719501311
           5             68719501311           6              4294999551
           5             68719501311           7                33583103
           5             68719501311           8                 4226559
           5             68719501311           9                67133439
           5             68719501311          10                16807935
           6              4294999551           1                   32767
           6              4294999551           2              8589966335
           6              4294999551           3             17179899903
           6              4294999551           4             34359767039
           6              4294999551           5             68719501311
           6              4294999551           6              4294999551
           6              4294999551           7                33583103
           6              4294999551           8                 4226559
           6              4294999551           9                67133439
           6              4294999551          10                16807935
           7                33583103           1                   32767
           7                33583103           2              8589966335
           7                33583103           3             17179899903
           7                33583103           4             34359767039
           7                33583103           5             68719501311
           7                33583103           6              4294999551
           7                33583103           7                33583103
           7                33583103           8                 4226559
           7                33583103           9                67133439
           7                33583103          10                16807935
           8                 4226559           1                   32767
           8                 4226559           2              8589966335
           8                 4226559           3             17179899903
           8                 4226559           4             34359767039
           8                 4226559           5             68719501311
           8                 4226559           6              4294999551
           8                 4226559           7                33583103
           8                 4226559           8                 4226559
           8                 4226559           9                67133439
           8                 4226559          10                16807935
           9                67133439           1                   32767
           9                67133439           2              8589966335
           9                67133439           3             17179899903
           9                67133439           4             34359767039
           9                67133439           5             68719501311
           9                67133439           6              4294999551
           9                67133439           7                33583103
           9                67133439           8                 4226559
           9                67133439           9                67133439
           9                67133439          10                16807935
          10                16807935           1                   32767
          10                16807935           2              8589966335
          10                16807935           3             17179899903
          10                16807935           4             34359767039
          10                16807935           5             68719501311
          10                16807935           6              4294999551
          10                16807935           7                33583103
          10                16807935           8                 4226559
          10                16807935           9                67133439
          10                16807935          10                16807935
